1.593133551068603992e-03 1.797511940822005272e-04 1.653859799262136221e-04 2.248820383101701736e-04 2.264717913931235671e-04 1.288562634726986289e-04 1.870795240392908454e-04 9.560460603097453713e-05
7.360551506280899048e-02 3.087128279730677605e-04 6.330053438432514668e-04 4.256136890035122633e-04 3.530462563503533602e-04 3.608702099882066250e-04 4.111282469239085913e-04 2.602364693302661180e-04
6.849120557308197021e-02 4.455870075616985559e-04 4.854768922086805105e-04 4.295819089747965336e-04 4.301548178773373365e-04 3.945378994103521109e-04 3.542110498528927565e-04 2.794215688481926918e-04
6.449331063777208328e-03 4.287150804884731770e-04 3.921409370377659798e-04 3.850866050925105810e-04 5.824905238114297390e-04 3.761147090699523687e-04 3.925191413145512342e-04 2.645977074280381203e-04
1.365959644317626953e-01 4.616388177964836359e-04 4.019533225800842047e-04 4.616974329110234976e-04 4.814778512809425592e-04 2.558715350460261106e-04 4.340309242252260447e-04 2.804006508085876703e-04
1.145027875900268555e-01 4.136658972129225731e-04 5.103481234982609749e-04 3.631011059042066336e-04 2.811200392898172140e-04 4.339957667980343103e-04 3.610617714002728462e-04 2.875172067433595657e-04
1.373777687549591064e-01 3.462311578914523125e-04 3.402208385523408651e-04 2.898215898312628269e-04 3.921901807188987732e-04 2.571764343883842230e-04 3.174685989506542683e-04 2.987006155308336020e-04
6.008821725845336914e-02 5.619680159725248814e-04 3.490431990940123796e-04 3.421577275730669498e-04 4.872307181358337402e-04 5.116231041029095650e-04 4.070680588483810425e-04 3.662235685624182224e-04
2.744469977915287018e-02 4.696912365034222603e-04 5.153598613105714321e-04 4.129355947952717543e-04 3.567964013200253248e-04 3.182598738931119442e-04 4.688578483182936907e-04 3.013935638591647148e-04
1.847261339426040649e-01 5.066157318651676178e-04 4.829979734495282173e-04 3.029814106412231922e-04 4.870213451795279980e-04 2.631864626891911030e-04 3.196471661794930696e-04 2.742451033554971218e-04
6.358955055475234985e-02 4.598950326908379793e-04 4.394639399833977222e-04 4.630937473848462105e-04 2.380444057052955031e-04 4.762317403219640255e-04 3.238670178689062595e-04 4.310821241233497858e-04
8.943554013967514038e-02 3.889390500262379646e-04 3.158889594487845898e-04 5.010302411392331123e-04 4.522075760178267956e-04 1.953383471118286252e-04 3.051990352105349302e-04 3.981416521128267050e-04
2.645627409219741821e-02 3.949046658817678690e-04 5.073811626061797142e-04 5.118731060065329075e-04 2.838094078470021486e-04 3.976574516855180264e-04 3.775555233005434275e-04 2.740921336226165295e-04
5.373724922537803650e-02 3.075705608353018761e-04 4.995281924493610859e-04 4.291756195016205311e-04 2.905284636653959751e-04 3.174259909428656101e-04 3.669485449790954590e-04 3.481562889646738768e-04
1.959071308374404907e-01 3.100279718637466431e-04 5.532303475774824619e-04 6.087144720368087292e-04 3.717062645591795444e-04 3.564049839042127132e-04 5.527817993424832821e-04 3.626953402999788523e-04
4.169870167970657349e-02 3.615478926803916693e-04 3.359459806233644485e-04 4.737940616905689240e-04 3.408707561902701855e-04 2.796354820020496845e-04 4.127061692997813225e-04 2.808941353578120470e-04
1.170756742358207703e-01 3.166082315146923065e-04 3.321383846923708916e-04 4.998013027943670750e-04 3.552667039912194014e-04 2.696746960282325745e-04 3.846717299893498421e-04 3.002905286848545074e-04
7.286830991506576538e-02 4.570897144731134176e-04 2.318066544830799103e-04 4.359841987024992704e-04 2.899745304603129625e-04 3.454203833825886250e-04 3.152978315483778715e-04 2.727995160967111588e-04
1.039059311151504517e-01 3.120753390248864889e-04 3.814898373093456030e-04 2.960817946586757898e-04 4.069989372510462999e-04 4.197238304186612368e-04 3.237169003114104271e-04 3.166007809340953827e-04
2.268408983945846558e-01 4.450157575774937868e-04 2.976478135678917170e-04 6.289614830166101456e-04 3.647898847702890635e-04 6.151449051685631275e-04 3.321263357065618038e-04 3.786467423196882010e-04
9.765231323242187500e+01 6.206215620040893555e-01 3.657430410385131836e-03 4.771819221787154675e-04 4.820215981453657150e-04 2.922419516835361719e-04 3.918857255484908819e-04 3.585892263799905777e-04
1.266431579589843750e+02 1.020638704299926758e+00 1.706940680742263794e-02 5.570147186517715454e-04 4.871394194196909666e-04 4.662379215005785227e-04 2.934290387202054262e-04 2.676097792573273182e-04
1.045789108276367188e+02 1.384524345397949219e+00 2.344070374965667725e-02 4.938051570206880569e-04 5.011330358684062958e-04 3.335562651045620441e-04 3.009754000231623650e-04 4.318093706388026476e-04
1.218768768310546875e+02 7.500129342079162598e-01 2.124688774347305298e-02 4.430648987181484699e-04 4.285655741114169359e-04 3.859178686980158091e-04 2.631473471410572529e-04 3.211596631444990635e-04
1.296054840087890625e+02 9.311338663101196289e-01 1.634665392339229584e-02 4.955319454893469810e-04 4.132780595682561398e-04 4.712888621725142002e-04 4.311320662964135408e-04 3.745346621144562960e-04
1.145134201049804688e+02 9.449790716171264648e-01 1.700866036117076874e-02 3.173001750838011503e-04 2.743880322668701410e-04 3.190431743860244751e-04 5.173273384571075439e-04 3.486784989945590496e-04
7.523922729492187500e+01 7.722205519676208496e-01 1.997622661292552948e-02 2.913783828262239695e-04 3.686258278321474791e-04 4.227605822961777449e-04 2.774006279651075602e-04 3.066740464419126511e-04
7.544200897216796875e+01 6.253268122673034668e-01 1.179151795804500580e-02 5.206193309277296066e-04 3.952638944610953331e-04 3.268449509050697088e-04 2.772300213109701872e-04 3.626251127570867538e-04
7.280878448486328125e+01 6.886343359947204590e-01 1.159924827516078949e-02 3.743775887414813042e-04 3.242864331696182489e-04 4.798346490133553743e-04 2.857448416762053967e-04 3.217510820832103491e-04
2.551117858886718750e+02 4.512890338897705078e+00 9.659309983253479004e-01 1.036326633766293526e-03 3.864758182317018509e-04 4.917248152196407318e-04 4.613473720382899046e-04 2.688129025045782328e-04
3.759649963378906250e+02 5.494409084320068359e+00 1.328190326690673828e+00 8.834227337501943111e-04 5.214026896283030510e-04 4.019710177090018988e-04 3.561695048119872808e-04 3.646803379524499178e-04
1.020960083007812500e+02 2.284616470336914062e+00 1.843655705451965332e-01 5.504621076397597790e-04 4.753911052830517292e-04 4.687877371907234192e-04 3.631449362728744745e-04 3.236112243030220270e-04
2.344961929321289062e+01 1.824841022491455078e+00 4.127290472388267517e-02 4.600982938427478075e-04 2.792582963593304157e-04 4.973970935679972172e-04 3.328860038891434669e-04 3.189526614733040333e-04
2.665994453430175781e+01 7.557806372642517090e-01 9.081766940653324127e-03 3.900356823578476906e-04 4.489735583774745464e-04 4.179547831881791353e-04 2.568333584349602461e-04 3.221835067961364985e-04
2.618413352966308594e+01 1.087674975395202637e+00 7.274762727320194244e-03 4.109275178052484989e-04 4.563046095427125692e-04 3.696455969475209713e-04 4.685097665060311556e-04 4.274962411727756262e-04
1.413159942626953125e+01 4.898979365825653076e-01 1.531393826007843018e-02 4.957964411005377769e-04 4.112138121854513884e-04 2.427999716019257903e-04 3.346464072819799185e-04 4.605698632076382637e-04
4.752324104309082031e+00 2.462861835956573486e-01 5.315656587481498718e-02 4.595532664097845554e-04 4.275290411897003651e-04 4.737690906040370464e-04 3.744637360796332359e-04 2.731784479692578316e-04
8.181157684326171875e+01 2.400422477722167969e+01 9.264450669288635254e-01 5.236538872122764587e-02 7.267876062542200089e-04 5.262380000203847885e-04 1.906120160128921270e-04 2.996632829308509827e-04
4.780101013183593750e+01 3.645403671264648438e+01 1.017431020736694336e+00 1.364190131425857544e-01 7.543216343037784100e-04 6.714194314554333687e-04 3.097816079389303923e-04 3.602880169637501240e-04
2.883509445190429688e+01 1.020860958099365234e+01 3.201326131820678711e-01 6.154068559408187866e-02 4.896481405012309551e-04 3.908362123183906078e-04 3.986120573244988918e-04 3.832102229353040457e-04
1.635216522216796875e+01 3.147028923034667969e+00 7.396304607391357422e-02 1.829395815730094910e-02 5.263705970719456673e-04 3.723212576005607843e-04 3.437476989347487688e-04 3.081502509303390980e-04
8.613012313842773438e+00 8.400821685791015625e-01 1.132457256317138672e-01 2.846084162592887878e-02 4.952109884470701218e-04 3.086201613768935204e-04 3.458961145952343941e-04 3.520424943417310715e-04
8.585192680358886719e+00 3.191750645637512207e-01 3.026982769370079041e-02 8.978220634162425995e-03 3.484024200588464737e-04 5.227061337791383266e-04 2.383681858191266656e-04 3.730530152097344398e-04
1.869444465637207031e+01 2.323771268129348755e-01 2.083210833370685577e-02 1.012681052088737488e-03 4.062133375555276871e-04 3.701196110341697931e-04 4.801480681635439396e-04 2.088253822876140475e-04
4.215280532836914062e+00 1.437567323446273804e-01 3.354276716709136963e-02 5.304364021867513657e-04 2.863385307136923075e-04 4.535992047749459743e-04 3.390992060303688049e-04 4.215551016386598349e-04
2.229759826660156250e+02 5.409382343292236328e+00 1.820385456085205078e+00 4.667732864618301392e-03 6.231137667782604694e-04 3.002171870321035385e-04 3.782587591558694839e-04 4.029589472338557243e-04
5.093566589355468750e+02 7.079644680023193359e+00 5.260050773620605469e+00 2.986597828567028046e-02 8.920520194806158543e-04 2.938588731922209263e-04 4.560742818284779787e-04 4.419696633704006672e-04
1.950093078613281250e+02 3.490403175354003906e+00 7.784860134124755859e-01 1.496066618710756302e-02 6.997603923082351685e-04 4.918549093417823315e-04 2.887155569624155760e-04 4.061697691213339567e-04
3.387657546997070312e+01 6.413018703460693359e-01 9.902842342853546143e-02 2.934606513008475304e-03 3.469723160378634930e-04 4.062204679939895868e-04 4.402948252391070127e-04 3.818828554358333349e-04
2.015467453002929688e+01 8.339499831199645996e-01 1.607334464788436890e-01 7.990663289092481136e-04 5.338115734048187733e-04 5.553344963118433952e-04 4.458628827705979347e-04 3.968099772464483976e-04
2.695214653015136719e+01 1.688283383846282959e-01 5.258611217141151428e-02 8.579972200095653534e-04 4.773408581968396902e-04 4.316464473959058523e-04 3.197267942596226931e-04 3.637262852862477303e-04
1.665259933471679688e+01 1.302614957094192505e-01 4.666749853640794754e-03 5.669969250448048115e-04 5.367047269828617573e-04 3.783017455134540796e-04 3.748598392121493816e-04 1.794562122086063027e-04
1.744357490539550781e+01 1.260614097118377686e-01 4.809418320655822754e-02 4.675885429605841637e-04 5.006572464480996132e-04 1.989450829569250345e-04 4.425736842676997185e-04 2.306607784703373909e-04
1.104841384887695312e+02 1.083594894409179688e+01 3.807993531227111816e-01 1.159184146672487259e-03 6.405896274372935295e-04 4.859530890826135874e-04 3.411340003367513418e-04 4.281925794202834368e-04
1.126930786132812500e+03 2.895973968505859375e+01 2.223732709884643555e+00 1.723777619190514088e-03 8.767390972934663296e-04 5.763189401477575302e-04 2.917480596806854010e-04 3.156937600579112768e-04
2.877792358398437500e+02 2.546016216278076172e+00 4.361746609210968018e-01 1.097657135687768459e-03 3.229797584936022758e-04 4.467990947887301445e-04 5.142059526406228542e-04 3.066259960178285837e-04
8.112225341796875000e+01 1.897378444671630859e+00 1.049904152750968933e-02 5.036357906647026539e-04 3.590257256291806698e-04 4.770422820001840591e-04 3.084443451371043921e-04 3.324490389786660671e-04
3.278021621704101562e+01 5.346900820732116699e-01 1.699348986148834229e-01 6.799739785492420197e-04 5.332102882675826550e-04 2.549630589783191681e-04 2.281950582982972264e-04 4.248526529408991337e-04
2.390159606933593750e+01 8.427163362503051758e-01 9.304738044738769531e-02 5.352129810489714146e-04 2.747906255535781384e-04 4.277605912648141384e-04 4.589566669892519712e-04 1.771482347976416349e-04
2.780183982849121094e+01 9.072131663560867310e-02 6.661328673362731934e-02 5.055471556261181831e-04 3.711137687787413597e-04 4.737574490718543530e-04 3.250278532505035400e-04 2.650772512424737215e-04
8.905971527099609375e+00 1.540245115756988525e-01 7.396398484706878662e-02 3.672576858662068844e-04 5.505234585143625736e-04 3.897374845109879971e-04 2.984596358146518469e-04 2.849360171239823103e-04
7.305193901062011719e+00 1.531078517436981201e-01 8.976859040558338165e-03 4.343733016867190599e-04 4.320139705669134855e-04 3.688174183480441570e-04 2.679569297470152378e-04 2.218657900812104344e-04
5.104913024902343750e+02 2.686910629272460938e+00 5.715547129511833191e-02 1.640722271986305714e-03 8.648878429085016251e-04 4.703768354374915361e-04 4.358516307547688484e-04 5.962008144706487656e-04
6.248457641601562500e+02 4.018612384796142578e+00 2.319465577602386475e-02 1.442155800759792328e-03 4.393552080728113651e-04 5.493823555298149586e-04 3.284485428594052792e-04 2.592463570181280375e-04
3.470852355957031250e+02 2.997879266738891602e+00 1.562384236603975296e-02 9.836817625910043716e-04 6.919440929777920246e-04 3.625151002779603004e-04 2.678689197637140751e-04 3.975117288064211607e-04
1.989813079833984375e+02 1.642655491828918457e+00 1.320242043584585190e-02 1.212521106936037540e-03 4.571066529024392366e-04 2.541554276831448078e-04 3.678280918393284082e-04 3.169110859744250774e-04
1.710667114257812500e+02 1.461121320724487305e+00 1.278509944677352905e-02 1.847200095653533936e-03 6.712991162203252316e-04 3.458920982666313648e-04 4.193787171971052885e-04 3.512195544317364693e-04
1.710462341308593750e+02 6.440842151641845703e-01 6.321563385426998138e-03 8.163513266481459141e-04 4.721846198663115501e-04 2.651831018738448620e-04 1.908080448629334569e-04 3.411353682167828083e-04
1.446603088378906250e+02 5.139125585556030273e-01 3.815738484263420105e-03 7.967737037688493729e-04 6.086186040192842484e-04 2.991820219904184341e-04 4.457572067622095346e-04 3.332040505483746529e-04
1.235063171386718750e+02 5.134298205375671387e-01 7.598813157528638840e-03 1.681386842392385006e-03 5.304974038153886795e-04 3.543198399711400270e-04 2.848770236596465111e-04 3.334766079206019640e-04
1.007557830810546875e+02 2.616339921951293945e-01 1.715598814189434052e-02 1.174419303424656391e-03 4.234117222949862480e-04 4.215109220240265131e-04 4.112938186153769493e-04 3.249867295380681753e-04
1.114274673461914062e+02 5.356945395469665527e-01 1.146681886166334152e-02 7.103648968040943146e-04 4.265787138137966394e-04 6.299515371210873127e-04 3.579776966944336891e-04 4.515285254456102848e-04
8.771664428710937500e+01 7.452849745750427246e-01 1.140830107033252716e-02 8.754267473705112934e-04 5.861819372512400150e-04 3.529860405251383781e-04 3.753638302441686392e-04 3.351336345076560974e-04
1.010336074829101562e+02 5.820816755294799805e-01 2.496190136298537254e-03 5.146561888977885246e-04 4.803767078556120396e-04 2.745581150520592928e-04 2.503583091311156750e-04 2.148019411833956838e-04
6.463968658447265625e+01 4.064228236675262451e-01 7.877846364863216877e-04 4.031003627460449934e-04 3.537326701916754246e-04 2.848784788511693478e-04 3.374094958417117596e-04 3.260882513131946325e-04
3.218007812500000000e+02 4.076523303985595703e+00 1.574648357927799225e-02 5.661182804033160210e-04 4.452983848750591278e-04 4.347227804828435183e-04 3.368030884303152561e-04 4.495284811127930880e-04
2.424996337890625000e+02 2.589154005050659180e+00 5.711358040571212769e-02 5.277902237139642239e-04 3.441883018240332603e-04 3.964923380408436060e-04 3.280987148173153400e-04 3.563049831427633762e-04
1.708155364990234375e+02 1.001218700408935547e+01 2.464002519845962524e-01 5.615188856609165668e-04 4.335982375778257847e-04 4.447131650522351265e-04 4.932735464535653591e-04 2.934069780167192221e-04
1.262377548217773438e+02 5.232789516448974609e+00 7.259935140609741211e-02 4.827687516808509827e-04 5.959980771876871586e-04 4.965046537108719349e-04 3.697799402289092541e-04 3.048629732802510262e-04
7.008002929687500000e+02 1.213082981109619141e+01 6.031737327575683594e-01 6.785357254557311535e-04 5.947434692643582821e-04 4.490517603699117899e-04 4.308017378207296133e-04 3.652319428510963917e-04
2.893051147460937500e+02 2.035697221755981445e+00 1.339047849178314209e-01 4.471514839679002762e-04 5.467473529279232025e-04 3.178702609147876501e-04 5.104750161990523338e-04 3.978929016739130020e-04
1.099249114990234375e+02 2.433541536331176758e+00 7.802227046340703964e-03 3.861590521410107613e-04 4.983821418136358261e-04 3.331745392642915249e-04 3.790590853895992041e-04 3.780350380111485720e-04
3.870419311523437500e+01 7.731508612632751465e-01 7.353434711694717407e-02 4.805388161912560463e-04 4.467228136491030455e-04 3.880544099956750870e-04 4.527069104369729757e-04 4.611604090314358473e-04
3.110155296325683594e+01 8.099586367607116699e-01 2.251484803855419159e-02 4.168882733210921288e-04 6.886846385896205902e-04 3.948428784497082233e-04 3.722515830304473639e-04 2.769909333437681198e-04
2.922557258605957031e+01 4.187059998512268066e-01 1.281304843723773956e-02 4.419247852638363838e-04 4.241117858327925205e-04 3.465269401203840971e-04 1.920853974297642708e-04 3.162228676956146955e-04
2.454654121398925781e+01 2.777756750583648682e-01 5.145457107573747635e-03 4.214781220071017742e-04 6.458961288444697857e-04 4.074679454788565636e-04 4.351043899077922106e-04 4.113567119929939508e-04
1.416303825378417969e+01 1.030399575829505920e-01 7.918600924313068390e-03 5.105971358716487885e-04 2.781998191494494677e-04 3.659528156276792288e-04 3.102560585830360651e-04 3.552614361979067326e-04
1.010603408813476562e+02 2.324508428573608398e+00 1.005319133400917053e-02 4.758141585625708103e-04 4.859309701714664698e-04 2.865352726075798273e-04 3.388855257071554661e-04 4.556792264338582754e-04
1.728936462402343750e+02 2.074908971786499023e+00 3.343466296792030334e-02 5.100000998936593533e-04 3.441774169914424419e-04 4.530817095655947924e-04 5.601536831818521023e-04 3.531825495883822441e-04
1.082047653198242188e+02 1.102638721466064453e+00 5.678609944880008698e-03 5.360743380151689053e-04 3.724180569406598806e-04 3.042325261048972607e-04 2.530257625039666891e-04 4.459505144041031599e-04
3.308429718017578125e+01 2.588484287261962891e-01 1.654054271057248116e-03 4.509019490797072649e-04 2.722750359680503607e-04 3.211070434190332890e-04 4.111758316867053509e-04 4.136634233873337507e-04
1.605844688415527344e+01 5.637887120246887207e-01 1.689996686764061451e-03 3.809146874118596315e-04 3.487550420686602592e-04 3.847379412036389112e-04 3.782136191148310900e-04 3.409288765396922827e-04
1.463954734802246094e+01 7.780832648277282715e-01 1.831213943660259247e-03 5.101725691929459572e-04 3.546043590176850557e-04 3.549892571754753590e-04 3.423016751185059547e-04 5.156358820386230946e-04
1.769621467590332031e+01 4.003007113933563232e-01 1.946448232047259808e-03 4.290495417080819607e-04 3.975882718805223703e-04 5.061517003923654556e-04 2.953992225229740143e-04 3.879473078995943069e-04
6.949147224426269531e+00 2.589377164840698242e-01 1.726674265228211880e-03 3.167933609802275896e-04 3.633331507444381714e-04 4.697538679465651512e-04 4.347862850409001112e-04 3.453571698628365993e-04
4.325260162353515625e+01 2.207951307296752930e+00 4.133339598774909973e-02 6.706759450025856495e-04 3.354701620992273092e-04 3.652959130704402924e-04 3.529941895976662636e-04 4.839743778575211763e-04
9.058061981201171875e+01 1.946792030334472656e+01 1.005920290946960449e+00 1.630443381145596504e-03 6.473036482930183411e-04 5.336620961315929890e-04 3.789009060710668564e-04 3.833643568214029074e-04
1.481436004638671875e+02 1.573611021041870117e+00 3.734325766563415527e-01 5.945471348240971565e-04 3.822195867542177439e-04 3.703709808178246021e-04 4.172784974798560143e-04 3.317889058962464333e-04
1.707874908447265625e+02 1.086516261100769043e+00 7.498525083065032959e-02 7.269036141224205494e-04 5.189738003537058830e-04 4.552492173388600349e-04 3.272055764682590961e-04 4.356041608843952417e-04
2.535470886230468750e+02 1.580442905426025391e+00 2.403184212744235992e-02 5.359560018405318260e-04 4.760337760671973228e-04 2.840920933522284031e-04 2.677938318811357021e-04 3.762931155506521463e-04
2.097179107666015625e+02 9.160195589065551758e-01 1.489446498453617096e-02 5.731125711463391781e-04 5.519422702491283417e-04 3.447172930464148521e-04 2.435698697809129953e-04 3.104242496192455292e-04
1.548385620117187500e+02 1.167140245437622070e+00 1.219061296433210373e-02 3.065742494072765112e-04 4.609881143551319838e-04 5.145124741829931736e-04 3.845514729619026184e-04 3.200731589458882809e-04
1.608859100341796875e+02 6.352686882019042969e-01 4.106945917010307312e-02 4.929744172841310501e-04 3.353457432240247726e-04 6.232028827071189880e-04 3.318055241834372282e-04 3.381492570042610168e-04
2.488947753906250000e+02 4.716319084167480469e+00 2.156533002853393555e+00 2.223917841911315918e-02 9.352590423077344894e-04 5.180046427994966507e-04 5.241319304332137108e-04 3.592277644202113152e-04
9.570321655273437500e+02 1.747869491577148438e+01 2.821579742431640625e+01 2.825596034526824951e-01 2.428222214803099632e-03 6.499871960841119289e-04 1.190059119835495949e-03 3.904734039679169655e-04
4.882746276855468750e+02 6.562942504882812500e+00 3.077760457992553711e+00 5.940545350313186646e-02 8.730678237043321133e-04 5.333299632184207439e-04 4.177682858426123857e-04 3.095717693213373423e-04
1.254382247924804688e+02 1.522439837455749512e+00 3.367263078689575195e-01 2.581498026847839355e-02 6.507876678369939327e-04 4.092564631719142199e-04 3.954058629460632801e-04 4.415500152390450239e-04
4.154827499389648438e+01 2.181125164031982422e+00 2.806760072708129883e-01 1.514336187392473221e-02 5.090954364277422428e-04 6.095002172514796257e-04 3.419863351155072451e-04 3.562346973922103643e-04
5.818545150756835938e+01 8.523702025413513184e-01 4.286898076534271240e-01 4.349661245942115784e-02 4.899360937997698784e-04 3.937467699870467186e-04 3.062745672650635242e-04 3.355801454745233059e-04
5.623527908325195312e+01 5.031188726425170898e-01 5.689255520701408386e-02 8.691659197211265564e-03 4.323035245761275291e-04 3.949765232391655445e-04 4.169168532826006413e-04 4.410836263559758663e-04
4.423115921020507812e+01 4.481028020381927490e-01 3.344833254814147949e-01 3.235197160392999649e-03 7.286422187462449074e-04 4.327346978243440390e-04 2.808244316838681698e-04 3.937553265132009983e-04
1.042869949340820312e+02 1.612267684936523438e+01 9.848933219909667969e-01 6.138562783598899841e-02 6.294719874858856201e-03 8.036624058149755001e-04 5.743887159042060375e-04 2.786395198199898005e-04
5.361296386718750000e+02 7.670611572265625000e+01 6.842978477478027344e+00 5.277312994003295898e-01 1.591239273548126221e-01 9.339240496046841145e-04 6.518528680317103863e-04 4.810435348190367222e-04
4.239864501953125000e+02 4.091680526733398438e+01 3.638508558273315430e+00 3.971648216247558594e-01 1.056729704141616821e-01 1.061122049577534199e-03 6.013171514496207237e-04 3.348097379785031080e-04
1.463565521240234375e+02 3.789025783538818359e+00 3.449540734291076660e-01 4.204883053898811340e-02 3.150865435600280762e-02 5.299214390106499195e-04 5.126303294673562050e-04 4.693091905210167170e-04
4.710740280151367188e+01 9.671771526336669922e-01 2.372861504554748535e-01 5.211999639868736267e-03 1.033403538167476654e-02 4.478674381971359253e-04 3.006607294082641602e-04 4.751865926664322615e-04
1.848850631713867188e+01 9.338455200195312500e-01 4.984421283006668091e-02 7.127725984901189804e-03 2.212221035733819008e-03 3.709653974510729313e-04 2.953530056402087212e-04 4.179280076641589403e-04
8.946580886840820312e+00 1.881669998168945312e+00 1.294208765029907227e-01 1.319843810051679611e-03 7.081567309796810150e-04 5.293154390528798103e-04 2.409307344350963831e-04 3.316327056381851435e-04
2.028206443786621094e+01 2.165999412536621094e+00 1.126368567347526550e-01 7.438136963173747063e-04 5.594797548837959766e-04 3.733405319508165121e-04 3.646921250037848949e-04 1.985378476092591882e-04
6.992895507812500000e+01 3.178104639053344727e+00 9.551267623901367188e-01 9.586429223418235779e-03 8.667442947626113892e-03 6.591790588572621346e-04 5.551096401177346706e-04 2.469045866746455431e-04
4.074024963378906250e+02 1.052116107940673828e+01 6.486710906028747559e-01 3.616732358932495117e-01 3.653336763381958008e-01 1.080161076970398426e-03 5.642309552058577538e-04 5.445061251521110535e-04
3.696281738281250000e+02 4.360411167144775391e+00 5.484321117401123047e-01 1.009733080863952637e-01 1.069175601005554199e-01 7.844777428545057774e-04 3.912782412953674793e-04 4.836601438000798225e-04
7.546708679199218750e+01 2.379114627838134766e+00 1.627598553895950317e-01 2.085670642554759979e-02 2.935463562607765198e-02 5.960650159977376461e-04 3.200544160790741444e-04 3.565709339454770088e-04
7.988942718505859375e+01 1.505364060401916504e+00 5.423341691493988037e-02 4.136966541409492493e-03 2.400173107162117958e-03 5.167744238860905170e-04 4.302799352444708347e-04 4.840887559112161398e-04
2.542386245727539062e+01 2.500025510787963867e+00 9.404867887496948242e-02 6.086589302867650986e-03 1.194992382079362869e-02 4.219506517983973026e-04 3.731031902134418488e-04 2.972494403365999460e-04
2.373532485961914062e+01 5.488727092742919922e-01 1.548640429973602295e-01 7.057475857436656952e-03 8.652367629110813141e-03 4.616827354766428471e-04 4.436138551682233810e-04 1.969845034182071686e-04
1.552062320709228516e+01 7.645937204360961914e-01 5.343756824731826782e-02 8.837106870487332344e-04 1.180499210022389889e-03 3.913204709533601999e-04 5.056035588495433331e-04 2.820362278725951910e-04
8.442420959472656250e+00 4.896548986434936523e-01 3.774466738104820251e-02 5.900485557503998280e-04 5.244831554591655731e-04 4.434544243849813938e-04 3.472028765827417374e-04 4.099644720554351807e-04
1.716108894348144531e+01 3.505534887313842773e+00 1.385836899280548096e-01 1.211254741065204144e-03 6.439137505367398262e-04 3.260973026044666767e-04 3.395249368622899055e-04 2.501566486898809671e-04
3.872830200195312500e+02 1.774820709228515625e+01 5.477709770202636719e-01 2.901231171563267708e-03 6.970980321057140827e-04 3.589177504181861877e-04 4.079249629285186529e-04 4.245758464094251394e-04
2.801641845703125000e+02 1.742257690429687500e+01 4.109301865100860596e-01 2.115005394443869591e-03 6.901913438923656940e-04 5.272977286949753761e-04 3.991232952103018761e-04 2.778136695269495249e-04
1.904125671386718750e+02 6.932717323303222656e+00 1.772504448890686035e-01 8.552301442250609398e-04 5.279449978843331337e-04 5.717478925362229347e-04 3.411253856029361486e-04 3.810572961810976267e-04
1.397219848632812500e+02 2.254716157913208008e+00 2.967200428247451782e-02 8.457921212539076805e-04 4.135002964176237583e-04 3.428136114962399006e-04 4.417293530423194170e-04 3.921606403309851885e-04
7.458206939697265625e+01 1.124302387237548828e+00 9.127365425229072571e-03 6.461023585870862007e-04 4.258470726199448109e-04 4.524838295765221119e-04 3.623230732046067715e-04 5.174028920009732246e-04
3.818427658081054688e+01 1.475608110427856445e+00 6.800820585340261459e-03 6.716145435348153114e-04 4.621529951691627502e-04 3.849050845019519329e-04 4.311345110181719065e-04 2.589218784123659134e-04
3.008728981018066406e+01 1.435879588127136230e+00 3.411288186907768250e-02 6.661289371550083160e-04 6.030878284946084023e-04 3.724428534042090178e-04 4.739415890071541071e-04 2.437411603750661016e-04
1.347282791137695312e+01 1.640905499458312988e+00 4.778502508997917175e-02 8.980481070466339588e-04 4.985792911611497402e-04 2.713140565901994705e-04 4.287803021725267172e-04 4.725612525362521410e-04
1.667269897460937500e+02 3.743191003799438477e+00 4.440259188413619995e-02 1.023267162963747978e-03 5.270712426863610744e-04 3.166481328662484884e-04 2.763801603578031063e-04 3.447311755735427141e-04
3.062147521972656250e+02 3.725946903228759766e+00 6.140094622969627380e-02 1.192684983834624290e-03 2.848698641173541546e-04 3.253454633522778749e-04 3.576255985535681248e-04 3.251125453971326351e-04
3.318876342773437500e+02 7.733811855316162109e+00 4.188560694456100464e-02 9.210202260874211788e-04 5.248347879387438297e-04 3.233471361454576254e-04 2.943647850770503283e-04 4.188623279333114624e-04
4.728718872070312500e+02 2.831298828125000000e+00 1.845213025808334351e-02 8.530429331585764885e-04 4.679233243223279715e-04 4.747856000903993845e-04 3.687670396175235510e-04 3.897158021572977304e-04
2.160159149169921875e+02 4.304153442382812500e+00 7.764289528131484985e-02 1.811907510273158550e-03 4.064445849508047104e-03 4.060691280756145716e-04 2.894482458941638470e-04 3.413000376895070076e-04
1.518451080322265625e+02 4.576939582824707031e+00 1.029098853468894958e-01 1.201223931275308132e-03 6.384295877069234848e-03 4.282890586182475090e-04 4.586823342833667994e-04 2.773063024505972862e-04
4.640247497558593750e+02 8.505797386169433594e+00 4.303185343742370605e-01 1.094415551051497459e-03 7.547285058535635471e-04 3.706046263687312603e-04 3.566070226952433586e-04 3.731858741957694292e-04
3.271739501953125000e+02 1.568008995056152344e+01 1.341764450073242188e+00 5.365931242704391479e-02 6.053098663687705994e-02 8.493370260111987591e-04 6.150687113404273987e-04 6.358504761010408401e-04
4.567926025390625000e+02 2.252005195617675781e+01 7.266570329666137695e-01 9.840890765190124512e-02 1.265876293182373047e-01 6.729055894538760185e-04 5.627786740660667419e-04 6.079265149310231209e-04
4.107073059082031250e+02 5.206202983856201172e+00 1.537014245986938477e-01 3.237723931670188904e-02 3.573702275753021240e-02 6.610919372178614140e-04 3.226046974305063486e-04 4.445726808626204729e-04
2.514220581054687500e+02 2.346496105194091797e+00 2.227283641695976257e-02 6.303445436060428619e-03 6.727120839059352875e-03 5.416698404587805271e-04 2.848047297447919846e-04 3.086470242124050856e-04
9.382849884033203125e+01 2.902418375015258789e+00 3.781382739543914795e-02 2.010099124163389206e-03 1.378824934363365173e-03 4.406920634210109711e-04 4.683648294303566217e-04 4.613979835994541645e-04
3.384211730957031250e+01 2.452479600906372070e+00 1.239131093025207520e-01 5.979252164252102375e-04 3.398415166884660721e-03 3.419167769607156515e-04 2.825089904945343733e-04 2.759117342066019773e-04
2.884668540954589844e+01 1.213423848152160645e+00 6.768762320280075073e-02 8.883872651495039463e-04 2.169718500226736069e-03 3.721402899827808142e-04 4.806072392966598272e-04 3.149379044771194458e-04
2.307653617858886719e+01 1.092356204986572266e+00 5.987762287259101868e-02 5.218934384174644947e-04 8.330772980116307735e-04 3.277765645179897547e-04 4.100583901163190603e-04 3.016955452039837837e-04
1.998875617980957031e+01 4.625000357627868652e-01 2.336814068257808685e-02 4.808369849342852831e-04 4.256873799022287130e-04 3.733739431481808424e-04 3.661810187622904778e-04 2.930226619355380535e-04
2.324400177001953125e+02 7.099279880523681641e+00 2.111639231443405151e-01 1.932357903569936752e-03 5.203179316595196724e-04 6.056594429537653923e-04 3.636808833107352257e-04 3.104718343820422888e-04
3.200356750488281250e+02 6.561743736267089844e+00 5.778025388717651367e-01 3.142189001664519310e-03 4.362638865131884813e-04 3.419832210056483746e-04 4.780377494171261787e-04 2.813676255755126476e-04
2.252424621582031250e+02 4.040076255798339844e+00 4.151241183280944824e-01 3.670511068776249886e-03 4.805352655239403248e-04 4.912145086564123631e-04 4.480815259739756584e-04 3.303248086012899876e-04
5.792190933227539062e+01 3.716943264007568359e+00 4.651516303420066833e-02 1.036008005030453205e-03 3.526784712448716164e-04 4.768953076563775539e-04 1.984185364563018084e-04 3.089549718424677849e-04
2.021648559570312500e+02 1.117479515075683594e+01 8.118767738342285156e+00 1.359002292156219482e-01 2.350573195144534111e-03 7.870594272390007973e-04 5.712017300538718700e-04 3.720086824614554644e-04
7.103360595703125000e+02 1.784408950805664062e+01 3.442840576171875000e+01 5.444893240928649902e-01 2.383736660704016685e-03 1.109630451537668705e-03 9.759284439496695995e-04 2.899398677982389927e-04
8.761069335937500000e+02 1.346294212341308594e+01 2.088141250610351562e+01 4.747413098812103271e-01 2.459481358528137207e-03 4.942310042679309845e-04 6.978110177442431450e-04 4.572828183881938457e-04
6.306353759765625000e+02 1.065876007080078125e+01 1.144170475006103516e+01 2.861022949218750000e-01 2.434722147881984711e-03 8.778841001912951469e-04 5.699840839952230453e-04 5.433866172097623348e-04
9.684370117187500000e+02 3.990956497192382812e+01 1.270445537567138672e+01 1.241046667098999023e+00 1.539051234722137451e-01 1.320597715675830841e-02 1.692828489467501640e-03 1.897000521421432495e-02
3.354504150390625000e+03 5.956156539916992188e+01 5.964984893798828125e+00 1.491815805435180664e+00 7.636913061141967773e-01 1.267376542091369629e-02 8.015906438231468201e-03 1.818271726369857788e-02
2.327764404296875000e+03 5.434598159790039062e+01 2.316676855087280273e+00 1.235070228576660156e+00 1.066926941275596619e-01 1.811395958065986633e-02 3.833096940070390701e-03 3.050293307751417160e-03
1.214662719726562500e+03 3.232844543457031250e+01 3.417380571365356445e+00 9.430127143859863281e-01 2.128013037145137787e-02 1.800945401191711426e-01 2.627205103635787964e-03 8.467286243103444576e-04
8.329937133789062500e+02 2.564228057861328125e+01 2.376690387725830078e+00 1.932069659233093262e-01 4.035696387290954590e-03 4.049846157431602478e-02 9.448254713788628578e-04 3.841358702629804611e-04
1.124576293945312500e+03 1.524829101562500000e+01 2.126233816146850586e+00 5.029186606407165527e-02 5.387802422046661377e-02 2.573968842625617981e-02 5.306375678628683090e-04 4.226860473863780499e-04
7.964937744140625000e+02 3.470929145812988281e+00 1.567181229591369629e+00 1.935428380966186523e-01 9.398584067821502686e-02 1.384178991429507732e-03 4.533501924015581608e-04 5.518256220966577530e-04
6.130829467773437500e+02 3.103876590728759766e+00 6.508972048759460449e-01 2.438546717166900635e-01 1.571250148117542267e-02 9.804395958781242371e-04 4.387265362311154604e-04 4.219824331812560558e-04
5.233174438476562500e+02 2.928086996078491211e+00 1.207481503486633301e+00 1.439325958490371704e-01 4.467044025659561157e-03 7.129111909307539463e-04 4.486261168494820595e-04 4.694905655924230814e-04
4.418194885253906250e+02 8.790585517883300781e+00 9.087770581245422363e-01 1.366143226623535156e-01 1.482629869133234024e-02 1.049984595738351345e-03 3.660597139969468117e-04 3.455540863797068596e-04
3.824034118652343750e+02 5.185876846313476562e+00 1.979137420654296875e+00 2.027883529663085938e-01 1.021409872919321060e-02 6.461207522079348564e-04 4.615493235178291798e-04 3.724054840859025717e-04
2.970488586425781250e+02 4.292111873626708984e+00 1.780652880668640137e+00 1.185495108366012573e-01 1.819570548832416534e-02 3.445846959948539734e-04 5.685019423253834248e-04 3.565557999536395073e-04
3.495274047851562500e+02 5.161613464355468750e+00 1.799321889877319336e+00 1.059456244111061096e-01 1.395293418318033218e-02 5.123027367517352104e-04 4.295671533327549696e-04 4.135891213081777096e-04
2.379897155761718750e+02 8.916461944580078125e+00 6.098433732986450195e-01 9.871672093868255615e-02 1.555962301790714264e-02 1.017486560158431530e-03 3.955759748350828886e-04 4.082939703948795795e-04
4.241066589355468750e+02 3.125007438659667969e+01 1.078662991523742676e+00 4.401457309722900391e-02 8.030089549720287323e-03 7.673493819311261177e-04 4.813032865058630705e-04 3.031225351151078939e-04
8.371567993164062500e+02 2.684953880310058594e+01 1.662204623222351074e+00 1.319250278174877167e-02 2.669123001396656036e-03 5.198288708925247192e-04 3.381036804057657719e-04 3.674016916193068027e-04
5.507719726562500000e+02 2.362796592712402344e+01 2.074737310409545898e+00 7.745976001024246216e-02 1.251493697054684162e-03 5.423418479040265083e-04 2.905637957155704498e-04 3.698092768900096416e-04
3.022496337890625000e+02 1.463228321075439453e+01 1.035558819770812988e+00 3.639990836381912231e-02 1.705976785160601139e-03 4.874700971413403749e-04 4.615446378011256456e-04 4.356692661531269550e-04
1.508323242187500000e+03 4.262575912475585938e+01 4.755060672760009766e+00 2.091127038002014160e-01 7.126437872648239136e-02 2.219293732196092606e-03 5.303731304593384266e-04 3.535363357514142990e-04
8.347470703125000000e+02 2.180590629577636719e+01 4.806175231933593750e+00 5.825883150100708008e-02 1.746477372944355011e-02 1.557964482344686985e-03 3.565953229553997517e-04 3.970377147197723389e-04
2.220851898193359375e+02 7.639371395111083984e+00 7.113773822784423828e-01 9.628331288695335388e-03 1.561267883516848087e-03 6.534171989187598228e-04 4.454675945453345776e-04 3.040402079932391644e-04
9.064233398437500000e+01 1.557476758956909180e+00 5.127107501029968262e-01 3.509122179821133614e-03 4.498368653003126383e-04 4.298451531212776899e-04 4.805207136087119579e-04 3.361069248057901859e-04
6.611582183837890625e+01 2.015786409378051758e+00 3.276442289352416992e-01 1.030418905429542065e-03 7.815717835910618305e-04 6.291026948019862175e-04 3.835655807051807642e-04 4.428344545885920525e-04
7.522069549560546875e+01 1.982766032218933105e+00 1.147039532661437988e-01 6.599736516363918781e-04 6.227999110706150532e-04 3.135545121040195227e-04 4.031399439554661512e-04 3.586029633879661560e-04
4.622060012817382812e+01 1.000022292137145996e+00 9.043595194816589355e-02 8.675860008224844933e-04 3.947978257201611996e-04 3.127414966002106667e-04 3.953863633796572685e-04 3.430319193284958601e-04
1.837191925048828125e+02 5.870265960693359375e+00 4.907647669315338135e-01 4.792100749909877777e-03 9.234959143213927746e-04 4.299001302570104599e-04 4.006408562418073416e-04 2.129162458004429936e-04
6.230525512695312500e+02 8.280227661132812500e+00 1.568835973739624023e+00 2.295625582337379456e-02 1.026807585731148720e-03 4.405770159792155027e-04 2.813898317981511354e-04 3.941041650250554085e-04
5.979489135742187500e+02 1.936734199523925781e+01 9.251465797424316406e-01 1.029434055089950562e-01 1.362781971693038940e-03 5.131048383191227913e-04 4.114114854019135237e-04 4.008858813904225826e-04
3.861525268554687500e+02 8.213608741760253906e+00 4.402143955230712891e-01 2.535295113921165466e-02 8.001738460734486580e-04 4.499475471675395966e-04 3.664054383989423513e-04 2.869451127480715513e-04
1.301586303710937500e+02 1.839559197425842285e+00 1.718219518661499023e-01 1.003713719546794891e-02 4.393223789520561695e-04 2.848289441317319870e-04 3.677177592180669308e-04 3.071190440095961094e-04
1.324257324218750000e+03 3.325790786743164062e+01 7.462209320068359375e+01 1.197803020477294922e+00 8.004196919500827789e-03 2.118112053722143173e-03 2.781978808343410492e-03 7.600871613249182701e-04
1.314366577148437500e+03 2.996413993835449219e+01 6.727383422851562500e+01 1.352316260337829590e+00 1.836839318275451660e-02 1.963657559826970100e-03 3.392513375729322433e-03 8.555594249628484249e-04
1.187821777343750000e+03 1.224038410186767578e+01 3.482634353637695312e+01 9.515759348869323730e-01 5.287520214915275574e-02 1.304952078498899937e-03 1.755865872837603092e-03 4.965386469848453999e-04
4.604249572753906250e+02 3.057306480407714844e+01 7.911831855773925781e+00 1.553971618413925171e-01 5.604279413819313049e-02 1.427049189805984497e-02 6.500077433884143829e-03 1.674445113167166710e-03
1.637459960937500000e+03 9.723369598388671875e+01 7.914380073547363281e+00 3.053118288516998291e-01 5.140396356582641602e-01 3.408785909414291382e-02 1.728775352239608765e-01 1.122468803077936172e-02
1.273375976562500000e+03 1.190119781494140625e+02 3.869961261749267578e+00 2.681145370006561279e-01 2.148915641009807587e-02 6.670948863029479980e-02 1.776605658233165741e-02 6.880006752908229828e-03
6.407983398437500000e+02 4.689887237548828125e+01 1.617931604385375977e+00 2.591268420219421387e-01 4.997277166694402695e-03 2.810684777796268463e-02 6.275709718465805054e-03 5.267022177577018738e-03
4.785051269531250000e+02 1.227933025360107422e+01 1.311268925666809082e+00 3.941788971424102783e-01 1.707737892866134644e-02 9.659755975008010864e-03 3.777360310778021812e-03 5.502629210241138935e-04
2.572904968261718750e+02 1.039637184143066406e+01 8.809103965759277344e-01 2.019357234239578247e-01 6.364825181663036346e-03 7.114443928003311157e-03 2.682633697986602783e-03 6.686254055239260197e-04
1.784081420898437500e+02 1.246501350402832031e+01 3.652165830135345459e-01 1.113311052322387695e-01 3.487934824079275131e-03 3.887257538735866547e-03 7.869658293202519417e-04 5.575702525675296783e-04
1.792319335937500000e+02 1.445225143432617188e+01 1.215337157249450684e+00 5.169261246919631958e-02 8.131715469062328339e-03 8.534907829016447067e-04 6.385569577105343342e-04 3.995675069745630026e-04
1.197878875732421875e+02 1.552259826660156250e+01 1.074854493141174316e+00 7.509345561265945435e-02 1.065565552562475204e-02 1.054852036759257317e-03 5.025911377742886543e-04 4.728598287329077721e-04
3.894649505615234375e+01 1.256427955627441406e+01 7.142355442047119141e-01 1.373805403709411621e-01 4.964981693774461746e-03 3.910540137439966202e-03 9.406404569745063782e-04 3.676147316582500935e-04
3.565507202148437500e+02 2.530569458007812500e+01 4.452928543090820312e+00 2.076650708913803101e-01 7.976753637194633484e-03 3.596423193812370300e-03 5.245713400654494762e-04 6.596469902433454990e-04
4.407346801757812500e+02 4.068581390380859375e+01 4.863739490509033203e+00 1.529732942581176758e-01 1.406045071780681610e-02 1.844635582529008389e-03 6.432033842429518700e-04 4.806692304555326700e-04
1.379974853515625000e+03 3.608165359497070312e+01 5.123215198516845703e+00 2.861058413982391357e-01 9.181261993944644928e-03 1.747049740515649319e-03 4.229256883263587952e-04 3.561818448361009359e-04
1.395536132812500000e+03 2.325075912475585938e+01 1.751617670059204102e+00 1.173087060451507568e-01 1.262386329472064972e-02 5.139518762007355690e-04 2.518226974643766880e-04 3.622049407567828894e-04
7.031805419921875000e+02 1.985582160949707031e+01 1.634952068328857422e+00 1.360131353139877319e-01 2.139455825090408325e-02 7.284251041710376740e-04 3.043879405595362186e-04 4.901206120848655701e-04
4.103392333984375000e+02 1.420811462402343750e+01 8.468443155288696289e-01 1.364253461360931396e-01 3.912948817014694214e-02 7.544161635451018810e-04 3.361403360031545162e-04 3.198661725036799908e-04
1.380416381835937500e+03 4.962318420410156250e+01 6.888245582580566406e+00 2.751206159591674805e-01 9.975021332502365112e-02 4.487931728363037109e-03 8.018472581170499325e-04 3.081940230913460255e-04
1.227240112304687500e+03 6.097046661376953125e+01 9.465738296508789062e+00 1.277201324701309204e-01 8.622275292873382568e-02 5.457891616970300674e-03 1.114991726353764534e-03 7.063169614411890507e-04
1.815122924804687500e+03 1.256407852172851562e+02 1.025628471374511719e+01 2.051372051239013672e+00 2.754615068435668945e+00 1.564584858715534210e-02 3.244430758059024811e-03 2.358547598123550415e-02
2.282739746093750000e+03 1.368565521240234375e+02 1.355784988403320312e+01 1.826197981834411621e+00 9.745452404022216797e-01 4.960809368640184402e-03 1.673958823084831238e-02 5.406430922448635101e-03
2.050282714843750000e+03 1.159903488159179688e+02 5.850271701812744141e+00 2.305840015411376953e+00 5.698155760765075684e-01 1.894002663902938366e-03 8.050842210650444031e-03 4.532304592430591583e-03
1.165486328125000000e+03 1.788810920715332031e+01 4.880650997161865234e+00 5.488735437393188477e-01 1.648717075586318970e-01 1.943518524058163166e-03 5.247626453638076782e-03 1.688175136223435402e-03
3.628968505859375000e+02 1.498368167877197266e+01 2.314706563949584961e+00 7.676410675048828125e-02 1.662797033786773682e-01 1.802372979000210762e-03 1.893779146485030651e-03 4.708634805865585804e-04
1.610517425537109375e+02 1.153030395507812500e+01 2.889337778091430664e+00 2.129632607102394104e-02 9.320708364248275757e-02 1.041152630932629108e-03 4.009858239442110062e-04 3.690877347253262997e-04
1.180423889160156250e+02 1.435622596740722656e+01 1.795382380485534668e+00 3.038311377167701721e-02 1.807895675301551819e-02 4.559261724352836609e-04 4.500186478253453970e-04 3.181395295541733503e-04
7.046263122558593750e+01 5.014877796173095703e+00 4.521801471710205078e-01 1.395860686898231506e-02 1.628287951461970806e-03 4.570159362629055977e-04 3.788868198171257973e-04 3.963223716709762812e-04
3.029006347656250000e+02 4.401377105712890625e+01 1.397497463226318359e+01 3.458430171012878418e-01 3.055776953697204590e-01 2.432573353871703148e-03 8.951927884481847286e-04 8.102173451334238052e-04
9.024179687500000000e+02 3.749955749511718750e+01 1.679508781433105469e+01 1.281067132949829102e+00 1.220950260758399963e-01 2.519385656341910362e-03 6.678610225208103657e-04 6.159864715300500393e-04
8.302598876953125000e+02 7.275923156738281250e+01 1.292768573760986328e+01 4.956791996955871582e-01 4.911903291940689087e-02 8.993688970804214478e-04 5.238067824393510818e-04 3.857473493553698063e-04
5.448900146484375000e+02 2.496752357482910156e+01 1.117346286773681641e+01 4.129191339015960693e-01 5.588417872786521912e-03 1.011442625895142555e-03 5.648753722198307514e-04 3.881442826241254807e-04
1.240737792968750000e+03 2.891621780395507812e+01 5.629954147338867188e+01 1.123468041419982910e+00 1.231248490512371063e-02 9.426155593246221542e-04 1.593823311850428581e-03 6.234400789253413677e-04
1.317346435546875000e+03 2.163188362121582031e+01 3.571746444702148438e+01 9.232131242752075195e-01 2.711528725922107697e-02 1.075616339221596718e-03 1.186509733088314533e-03 5.882754339836537838e-04
2.397011962890625000e+03 7.443527984619140625e+01 1.125152492523193359e+01 1.098231434822082520e+00 3.212987482547760010e-01 2.681943774223327637e-02 1.117513515055179596e-03 6.671876180917024612e-04
3.006437988281250000e+03 9.081881713867187500e+01 2.045653724670410156e+01 5.644813776016235352e-01 1.762474924325942993e-01 1.713118143379688263e-02 7.268544286489486694e-04 5.789296701550483704e-04
3.455554443359375000e+03 1.119700851440429688e+02 1.937579345703125000e+01 5.550254583358764648e-01 1.833125948905944824e-01 2.473639883100986481e-02 6.862645968794822693e-04 8.864395204000174999e-04
2.922735839843750000e+03 1.090886962890625000e+03 5.559080505371093750e+01 2.321405887603759766e+00 6.611434817314147949e-01 1.570760905742645264e-01 1.592459902167320251e-02 5.420920904725790024e-03
2.158958007812500000e+03 2.271288330078125000e+03 1.725436859130859375e+02 6.391467094421386719e+00 1.144128680229187012e+00 7.424249500036239624e-02 2.059997990727424622e-02 1.262417249381542206e-02
1.537343383789062500e+03 2.028065673828125000e+03 5.828039932250976562e+01 2.666006088256835938e+00 4.554735720157623291e-01 9.347841143608093262e-02 2.162902243435382843e-02 2.035198733210563660e-03
1.356337280273437500e+03 2.077839843750000000e+03 1.269463729858398438e+01 5.314912796020507812e-01 8.437880128622055054e-02 2.240222692489624023e-02 5.307590588927268982e-03 1.995448255911469460e-03
1.054404418945312500e+03 1.287017700195312500e+03 7.181529521942138672e+00 2.451703548431396484e-01 5.912147834897041321e-02 4.826195165514945984e-02 5.287481006234884262e-03 1.701291301287710667e-03
8.684165649414062500e+02 3.141750183105468750e+02 3.616637945175170898e+00 8.642347455024719238e-01 4.071062430739402771e-02 1.584251597523689270e-02 1.378509099595248699e-03 8.884106646291911602e-04
7.159313964843750000e+02 1.744185943603515625e+02 2.481723308563232422e+00 2.530210018157958984e-01 2.178240008652210236e-02 8.595476858317852020e-03 5.342713557183742523e-04 3.306193393655121326e-04
4.145563659667968750e+02 1.574567108154296875e+02 2.217727422714233398e+00 4.485015571117401123e-01 1.140310987830162048e-02 1.499185338616371155e-03 3.867834748234599829e-04 5.151721416041254997e-04
2.648215942382812500e+02 7.016843414306640625e+01 8.828977584838867188e+00 1.784950494766235352e-01 1.585810258984565735e-02 6.629175040870904922e-04 5.754615995101630688e-04 3.142324567306786776e-04
1.597703857421875000e+02 3.145677375793457031e+01 1.107145118713378906e+01 1.225729435682296753e-01 3.996687754988670349e-02 4.995479830540716648e-04 4.900708445347845554e-04 4.054290475323796272e-04
3.168854980468750000e+02 2.945821380615234375e+01 7.210810661315917969e+00 1.295615583658218384e-01 1.123413722962141037e-02 2.648489316925406456e-03 5.429176962934434414e-04 5.111799691803753376e-04
2.155815673828125000e+03 4.328974151611328125e+01 1.049412918090820312e+01 5.836775302886962891e-01 8.414151519536972046e-02 6.533115170896053314e-03 1.211408758535981178e-03 6.240220973268151283e-04
1.755305175781250000e+03 4.371258926391601562e+01 1.662162399291992188e+01 1.136154413223266602e+00 8.805715292692184448e-02 9.211909025907516479e-03 9.098213631659746170e-04 5.102766444906592369e-04
1.744599487304687500e+03 2.814180374145507812e+01 7.430464744567871094e+00 7.336321473121643066e-01 8.402381092309951782e-02 1.294173486530780792e-02 1.027329126372933388e-03 3.842551668640226126e-04
1.559512939453125000e+03 2.733684158325195312e+01 1.160390090942382812e+01 1.245454788208007812e+00 3.576493635773658752e-02 6.817940622568130493e-03 1.004219870083034039e-03 4.381284816190600395e-04
1.501942016601562500e+03 2.719555854797363281e+01 3.187893867492675781e+00 3.768632709980010986e-01 2.375325933098793030e-02 6.984971463680267334e-03 6.173668662086129189e-04 4.092739545740187168e-04
1.259437866210937500e+03 2.592790412902832031e+01 3.427443027496337891e+00 8.753805756568908691e-01 4.339558258652687073e-02 2.464003395289182663e-03 3.078216686844825745e-04 3.737316583283245564e-04
1.176055908203125000e+03 4.736157989501953125e+01 1.886418223381042480e+00 9.002174437046051025e-02 1.554003078490495682e-02 1.726160873658955097e-03 4.165232821833342314e-04 2.791056467685848475e-04
9.129788208007812500e+02 3.247146987915039062e+01 3.101608276367187500e+00 4.014035165309906006e-01 1.471151132136583328e-02 9.975968860089778900e-04 5.094803054817020893e-04 4.578907391987740993e-04
9.913234863281250000e+02 1.410327148437500000e+01 2.272416830062866211e+00 2.031762301921844482e-01 1.222429238259792328e-02 7.316759438253939152e-04 4.494524036999791861e-04 4.174400528427213430e-04
8.560437011718750000e+02 3.243526458740234375e+01 1.197232127189636230e+00 4.998508393764495850e-01 4.496844019740819931e-03 1.053078449331223965e-03 5.621120799332857132e-04 3.643724485300481319e-04
7.171396484375000000e+02 1.122425384521484375e+02 4.666367053985595703e+00 2.502382099628448486e-01 1.580647379159927368e-01 1.369801908731460571e-02 3.948499914258718491e-03 1.362333307042717934e-03
8.880146484375000000e+02 5.623896026611328125e+01 2.554366350173950195e+00 1.330435425043106079e-01 1.731706783175468445e-02 1.479964237660169601e-03 5.750745534896850586e-03 3.894833789672702551e-04
4.919987792968750000e+02 2.920481109619140625e+01 9.729792475700378418e-01 3.369653970003128052e-02 1.269294065423309803e-03 1.575136557221412659e-03 6.283178809098899364e-04 4.852087004110217094e-04
4.136492919921875000e+02 1.209551429748535156e+01 3.726029098033905029e-01 7.976625859737396240e-02 1.215765951201319695e-03 8.076965459622442722e-04 4.634248034562915564e-04 3.616313915699720383e-04
2.560530395507812500e+02 6.002277851104736328e+00 3.276311457157135010e-01 1.794190704822540283e-02 7.315070834010839462e-04 8.408752619288861752e-04 5.709293764084577560e-04 3.297895309515297413e-04
2.052296295166015625e+02 9.166134834289550781e+00 5.118401646614074707e-01 3.540141135454177856e-02 1.898945542052388191e-03 7.080779178068041801e-04 3.730557509697973728e-04 2.511351485736668110e-04
2.252942626953125000e+03 4.817390441894531250e+01 4.913714885711669922e+00 9.906939864158630371e-01 4.289853870868682861e-01 5.580076947808265686e-03 8.681659819558262825e-04 3.912627696990966797e-03
2.006757446289062500e+03 3.599269866943359375e+01 2.500250816345214844e+00 4.854228794574737549e-01 7.058434188365936279e-02 5.888033774681389332e-04 6.343540735542774200e-04 1.955031882971525192e-03
1.162420410156250000e+03 2.286601066589355469e+01 1.263262391090393066e+00 5.047433972358703613e-01 1.608772948384284973e-02 6.093831732869148254e-03 3.992863057646900415e-04 7.116709020920097828e-04
7.210211791992187500e+02 1.911197090148925781e+01 2.024138450622558594e+00 1.551706939935684204e-01 2.278057858347892761e-03 3.544969484210014343e-02 5.284833023324608803e-04 3.439980209805071354e-04
7.544839477539062500e+02 1.112041854858398438e+01 1.645082831382751465e+00 7.204720284789800644e-03 2.101279562339186668e-03 1.063235849142074585e-02 4.254382802173495293e-04 3.287902800366282463e-04
6.727498779296875000e+02 1.457713508605957031e+01 4.363519191741943359e+00 3.067557811737060547e-01 3.647155165672302246e-01 4.166122525930404663e-03 7.260552374646067619e-04 8.643477922305464745e-04
7.237811889648437500e+02 3.063378334045410156e+01 1.300492286682128906e+00 4.541209340095520020e-01 3.555859327316284180e-01 1.466200454160571098e-03 5.942357238382101059e-04 9.392785141244530678e-04
6.594035644531250000e+02 5.530451965332031250e+01 2.251803874969482422e+00 4.059394299983978271e-01 2.461275309324264526e-01 1.527761574834585190e-03 8.040824322961270809e-04 6.035949336364865303e-04
5.307955932617187500e+02 3.684459304809570312e+01 1.016977787017822266e+00 3.842531442642211914e-01 1.349799185991287231e-01 1.113260746933519840e-03 8.264403440989553928e-04 4.220939881633967161e-04
7.637383422851562500e+02 4.172990417480468750e+01 4.122793674468994141e+00 1.148089393973350525e-01 6.502661854028701782e-02 2.196441171690821648e-03 7.088141283020377159e-04 3.423974558245390654e-04
1.289630615234375000e+03 6.510845947265625000e+01 6.908918857574462891e+00 1.766391694545745850e-01 7.135251164436340332e-02 3.025075420737266541e-03 8.233578992076218128e-04 3.879286232404410839e-04
1.134612670898437500e+03 5.260622024536132812e+01 8.115283012390136719e+00 5.208540335297584534e-02 2.424817159771919250e-02 1.395236002281308174e-03 3.208383568562567234e-04 4.555089690256863832e-04
1.692576416015625000e+03 5.748572921752929688e+01 9.134528160095214844e+00 1.911330819129943848e-01 1.274392288178205490e-02 1.743747037835419178e-03 6.299744709394872189e-04 4.139904049225151539e-04
7.649644775390625000e+02 4.909556961059570312e+01 4.869956970214843750e+00 1.179107949137687683e-01 2.132986299693584442e-02 6.910840165801346302e-04 6.466803024522960186e-04 4.094625473953783512e-04
4.751800231933593750e+02 5.032255172729492188e+01 3.266852855682373047e+00 1.111135780811309814e-01 3.470171988010406494e-02 6.642366060987114906e-04 6.607173127122223377e-04 3.883933532051742077e-04
4.910746154785156250e+02 2.196144866943359375e+01 2.191668033599853516e+00 8.983390778303146362e-02 1.746928878128528595e-02 5.753989098593592644e-04 4.207635647617280483e-04 4.697133845183998346e-04
4.669377136230468750e+02 2.088067436218261719e+01 3.071475982666015625e+00 3.309790417551994324e-02 9.365031495690345764e-03 5.671817925758659840e-04 6.388431065715849400e-04 2.345228858757764101e-04
4.914729919433593750e+02 2.445788574218750000e+01 2.267036437988281250e+00 1.124139968305826187e-02 7.033545523881912231e-03 5.606371560133993626e-04 5.102460272610187531e-04 3.229982394259423018e-04
4.682000427246093750e+02 1.313920307159423828e+01 5.619414448738098145e-01 6.939607206732034683e-03 8.335078135132789612e-03 5.264115752652287483e-04 3.510154201649129391e-04 3.412841178942471743e-04
3.902676086425781250e+02 1.786261558532714844e+01 3.503792285919189453e-01 4.132447298616170883e-03 2.205781871452927589e-03 2.405743289273232222e-04 2.617254504002630711e-04 3.610206476878374815e-04
9.869827880859375000e+02 3.842710876464843750e+01 1.373278260231018066e+00 8.247913792729377747e-03 2.162588527426123619e-03 4.556243366096168756e-04 3.978305612690746784e-04 3.325220895931124687e-04
1.021410583496093750e+03 1.648545074462890625e+01 1.805270791053771973e+00 5.356012377887964249e-03 1.579985138960182667e-03 5.513018113560974598e-04 3.338194219395518303e-04 3.448473289608955383e-04
6.883273925781250000e+02 1.614422607421875000e+01 1.257367849349975586e+00 1.462176442146301270e-03 1.052146893925964832e-03 5.814799224026501179e-04 3.031438391190022230e-04 3.122687921859323978e-04
5.764167480468750000e+02 1.945912170410156250e+01 1.193813681602478027e+00 1.187685295008122921e-03 8.439974044449627399e-04 5.476955557242035866e-04 3.988539974670857191e-04 4.046479589305818081e-04
6.050570068359375000e+02 1.613652610778808594e+01 6.828426122665405273e-01 1.124656759202480316e-03 4.912972217425704002e-04 4.352700780145823956e-04 4.661491257138550282e-04 2.507564495317637920e-04
5.097459106445312500e+02 1.261972332000732422e+01 3.991032838821411133e-01 1.561629003845155239e-03 7.923700613901019096e-04 4.647356108762323856e-04 3.088255180045962334e-04 3.356199013069272041e-04
4.283991699218750000e+02 8.875393867492675781e+00 2.622744143009185791e-01 8.641520980745553970e-04 3.951072285417467356e-04 4.550426092464476824e-04 4.352180694695562124e-04 3.740504616871476173e-04
1.876537475585937500e+02 5.869166374206542969e+00 2.884053587913513184e-01 3.867376071866601706e-04 5.351950530894100666e-04 4.022996290586888790e-04 4.160897806286811829e-04 2.695633447729051113e-04
2.528481292724609375e+02 4.609940528869628906e+00 6.411799043416976929e-02 8.872007019817829132e-04 4.462211218196898699e-04 3.123949572909623384e-04 3.537391021382063627e-04 2.116564864991232753e-04
1.981307373046875000e+02 2.137616872787475586e+00 7.016971707344055176e-02 6.269703153520822525e-04 4.967765999026596546e-04 2.853840705938637257e-04 3.033421526197344065e-04 3.415575483813881874e-04
1.773868255615234375e+02 2.108040571212768555e+00 1.092442497611045837e-01 8.342610672116279602e-04 4.272584337741136551e-04 3.446079208515584469e-04 2.632123650982975960e-04 2.515900123398751020e-04
1.182963256835937500e+02 1.023133516311645508e+00 2.378924936056137085e-02 5.956786917522549629e-04 3.894304099958389997e-04 3.573262947611510754e-04 4.696820105891674757e-04 3.328325983602553606e-04
8.849688720703125000e+01 9.154710173606872559e-01 1.927649974822998047e-02 6.307752919383347034e-04 4.855422303080558777e-04 3.942348703276365995e-04 4.449106345418840647e-04 2.722421486396342516e-04
5.313488388061523438e+01 1.481920242309570312e+00 3.693338483572006226e-02 7.297654519788920879e-04 3.879752184730023146e-04 3.807903849519789219e-04 2.637927245814353228e-04 3.190179122611880302e-04
4.051616668701171875e+01 1.448759317398071289e+00 4.736074805259704590e-02 3.003280144184827805e-04 4.426612867973744869e-04 3.222393279429525137e-04 2.579512365628033876e-04 4.057227051816880703e-04
3.200223159790039062e+01 1.515134572982788086e+00 5.326281487941741943e-02 5.833572358824312687e-04 3.796936944127082825e-04 4.744175530504435301e-04 3.093174891546368599e-04 3.745190624613314867e-04
3.653347778320312500e+01 1.123060584068298340e+00 3.842484578490257263e-02 4.176469519734382629e-04 4.106897104065865278e-04 3.265966370236128569e-04 2.460282994434237480e-04 4.504878888837993145e-04
4.027771377563476562e+01 9.200493097305297852e-01 3.872974216938018799e-02 3.792478237301111221e-04 3.768918104469776154e-04 2.860341337509453297e-04 3.464151232037693262e-04 3.181551292072981596e-04
4.074259567260742188e+01 7.505553364753723145e-01 1.367548108100891113e-02 4.949068534187972546e-04 3.693277249112725258e-04 5.001660319976508617e-04 3.159914631396532059e-04 4.615965008269995451e-04
2.651142692565917969e+01 7.948318719863891602e-01 5.087685771286487579e-03 4.650519986171275377e-04 4.771203966811299324e-04 3.354483924340456724e-04 3.193406446371227503e-04 1.828603853937238455e-04
3.415062713623046875e+01 1.600204586982727051e+00 2.980092307552695274e-03 4.326782946009188890e-04 4.866411327384412289e-04 4.183672717772424221e-04 4.562632821034640074e-04 3.573047870304435492e-04
6.693881988525390625e+01 1.346848011016845703e+00 2.919198246672749519e-03 3.882164310198277235e-04 5.556204705499112606e-04 3.682245151139795780e-04 4.076575278304517269e-04 3.806971944868564606e-04
7.070218658447265625e+01 9.333634376525878906e-01 1.073765195906162262e-02 4.916234756819903851e-04 3.291053872089833021e-04 3.766978043131530285e-04 3.084487107116729021e-04 3.027196216862648726e-04
4.319328689575195312e+01 7.846036553382873535e-01 6.189959123730659485e-03 3.785574808716773987e-04 3.571474517229944468e-04 2.295431331731379032e-04 2.800220390781760216e-04 3.464590699877589941e-04
3.835298156738281250e+01 5.745440721511840820e-01 2.090698108077049255e-03 4.715525137726217508e-04 3.094961575698107481e-04 4.392465052660554647e-04 4.295775434002280235e-04 2.388119610259309411e-04
4.624713897705078125e+01 5.839424729347229004e-01 1.201230450533330441e-03 2.843955298885703087e-04 3.018103889189660549e-04 3.287251747678965330e-04 4.070106660947203636e-04 3.220417420379817486e-04
4.281255722045898438e+01 4.567461311817169189e-01 8.535934612154960632e-04 3.153366851620376110e-04 2.935065131168812513e-04 3.453644167166203260e-04 2.392271126154810190e-04 3.064547199755907059e-04
2.729225349426269531e+01 3.585870862007141113e-01 9.752956684678792953e-04 3.636394394561648369e-04 3.703595721162855625e-04 4.620116669684648514e-04 3.656493790913373232e-04 2.364027168368920684e-04
2.203172111511230469e+01 2.397997379302978516e-01 6.690471200272440910e-04 4.244536394253373146e-04 3.194939636159688234e-04 3.169670526403933764e-04 3.250504669267684221e-04 3.362610877957195044e-04
2.825200462341308594e+01 1.133826971054077148e-01 7.147282012738287449e-04 3.474971163086593151e-04 3.613025182858109474e-04 4.100825171917676926e-04 3.619125345721840858e-04 4.531805170699954033e-04
2.313422393798828125e+01 9.125106781721115112e-02 5.553830415010452271e-04 5.088180187158286572e-04 6.153147551231086254e-04 3.998237953055649996e-04 3.606754762586206198e-04 3.446809714660048485e-04
1.573792266845703125e+01 8.761679381132125854e-02 6.625761161558330059e-04 3.929197264369577169e-04 5.360937211662530899e-04 2.213619882240891457e-04 4.747491911984980106e-04 3.329392638988792896e-04
1.228978443145751953e+01 4.197833687067031860e-02 5.562232108786702156e-04 4.393996496219187975e-04 4.326570197008550167e-04 3.686037671286612749e-04 4.195640212856233120e-04 3.955982683692127466e-04
8.206851005554199219e+00 4.952723160386085510e-02 5.305687664076685905e-04 5.260457983240485191e-04 3.606237878557294607e-04 2.831513702403753996e-04 2.246773074148222804e-04 3.207576228305697441e-04
7.527404785156250000e+00 7.023745030164718628e-02 5.695643485523760319e-04 4.954177420586347580e-04 4.540718509815633297e-04 4.155929782427847385e-04 2.774138702079653740e-04 2.553183003328740597e-04
6.755146980285644531e+00 9.597682952880859375e-02 4.570210876408964396e-04 4.721136356238275766e-04 3.162957436870783567e-04 3.820421698037534952e-04 3.827506734523922205e-04 4.422206257004290819e-04
5.530828952789306641e+00 5.900594219565391541e-02 5.075566587038338184e-04 2.248620148748159409e-04 3.636464534793049097e-04 4.116322379559278488e-04 2.321628562640398741e-04 3.552591660991311073e-04
4.865280151367187500e+00 6.451708823442459106e-02 5.986827309243381023e-04 5.292151472531259060e-04 3.237176570110023022e-04 3.365965967532247305e-04 3.381927672307938337e-04 4.426076775416731834e-04
3.341671228408813477e+00 6.033008918166160583e-02 4.328552167862653732e-04 2.599581785034388304e-04 2.658765297383069992e-04 2.468691964168101549e-04 3.499815356917679310e-04 2.541348512750118971e-04
2.349488973617553711e+00 4.488371685147285461e-02 6.005921750329434872e-04 4.388648958411067724e-04 4.389168461784720421e-04 2.733619767241179943e-04 2.257936866953969002e-04 3.017532289959490299e-04
1.729423165321350098e+00 6.821345072239637375e-03 4.913411685265600681e-04 3.764582506846636534e-04 3.619182971306145191e-04 3.431737131904810667e-04 3.837183176074177027e-04 2.626518544275313616e-04
1.687830090522766113e+00 5.510046612471342087e-03 2.856266510207206011e-04 4.203631542623043060e-04 3.834986709989607334e-04 3.359304973855614662e-04 5.609501968137919903e-04 4.570639575831592083e-04
1.708314061164855957e+00 3.989395685493946075e-03 3.930399543605744839e-04 3.919701848644763231e-04 4.550716839730739594e-04 2.690764376893639565e-04 3.372614446561783552e-04 3.044807817786931992e-04
1.584672689437866211e+00 2.304795663803815842e-03 5.072677740827202797e-04 3.605338861234486103e-04 2.587481285445392132e-04 5.387181881815195084e-04 3.210222930647432804e-04 4.049509880132973194e-04
1.795043110847473145e+00 1.793728326447308064e-03 4.069037095177918673e-04 3.414392995182424784e-04 3.131717967335134745e-04 5.229030502960085869e-04 5.147248157300055027e-04 3.838546399492770433e-04
1.589155197143554688e+00 1.379693392664194107e-03 6.413332885131239891e-04 3.280575328972190619e-04 3.154535661451518536e-04 2.385459956713020802e-04 4.198730457574129105e-04 3.345693403389304876e-04
1.058928728103637695e+00 1.295713242143392563e-03 5.916201043874025345e-04 4.864687507506459951e-04 2.845708222594112158e-04 3.880868898704648018e-04 3.252934257034212351e-04 3.596757014747709036e-04
1.018432974815368652e+00 2.188366837799549103e-03 4.922072985209524632e-04 3.682713140733540058e-04 3.029334184248000383e-04 4.333551914896816015e-04 5.124126910232007504e-04 3.844800521619617939e-04
1.094471096992492676e+00 3.000568831339478493e-03 4.765960038639605045e-04 3.519992460496723652e-04 3.711899043992161751e-04 5.202518659643828869e-04 3.444634785410016775e-04 2.864233683794736862e-04
9.301849603652954102e-01 1.326855854131281376e-03 4.108773428015410900e-04 3.157978353556245565e-04 3.262317623011767864e-04 4.747990751639008522e-04 3.307611041236668825e-04 3.288756415713578463e-04
7.764371037483215332e-01 9.850963251665234566e-04 6.966802175156772137e-04 5.115378880873322487e-04 4.466150712687522173e-04 3.545709769241511822e-04 4.381808103062212467e-04 3.542452759575098753e-04
9.025481343269348145e-01 8.684939239174127579e-04 3.251022426411509514e-04 5.185374175198376179e-04 2.912663912866264582e-04 2.907359739765524864e-04 4.742852179333567619e-04 3.153829311486333609e-04
8.893839120864868164e-01 6.680152728222310543e-04 4.508505808189511299e-04 5.391220911405980587e-04 3.344044380355626345e-04 5.047496524639427662e-04 3.484142944216728210e-04 4.004856164101511240e-04
9.602094292640686035e-01 8.497208473272621632e-04 3.731806937139481306e-04 3.932036925107240677e-04 4.948319401592016220e-04 3.502189065329730511e-04 3.856214461848139763e-04 3.183286753483116627e-04
7.776196599006652832e-01 1.113386359065771103e-03 4.244257579557597637e-04 5.448893061839044094e-04 3.455124679021537304e-04 3.392621001694351435e-04 2.872333570849150419e-04 4.055633326061069965e-04
4.872365593910217285e-01 4.800342139787971973e-04 3.619464696384966373e-04 3.432615776546299458e-04 4.204543656669557095e-04 5.874342750757932663e-04 5.906674778088927269e-04 3.782235726248472929e-04
3.080478012561798096e-01 5.608736537396907806e-04 3.145770169794559479e-04 5.596686387434601784e-04 4.734396643470972776e-04 2.922047569882124662e-04 4.733589303214102983e-04 3.573486465029418468e-04
2.374370098114013672e-01 7.340320735238492489e-04 4.599812091328203678e-04 3.261563542764633894e-04 5.073347711004316807e-04 5.355877219699323177e-04 3.666927805170416832e-04 1.897394395200535655e-04
1.437881886959075928e-01 4.862440691795200109e-04 5.450477474369108677e-04 3.335986111778765917e-04 3.325964498799294233e-04 4.090797447133809328e-04 4.652261559385806322e-04 3.660559013951569796e-04
1.024249792098999023e-01 4.441808559931814671e-04 3.899082948919385672e-04 5.845290143042802811e-04 3.965183277614414692e-04 3.250908339396119118e-04 3.554836148396134377e-04 3.991443081758916378e-04
1.439093202352523804e-01 5.838174838572740555e-04 5.842601531185209751e-04 6.520373863168060780e-04 1.982767280424013734e-04 4.750444786623120308e-04 4.481163632590323687e-04 4.324081528466194868e-04
1.305311322212219238e-01 4.083244130015373230e-04 2.552842779550701380e-04 5.272410926409065723e-04 2.267334348289296031e-04 4.227504541631788015e-04 3.311159671284258366e-04 2.397902862867340446e-04
1.411673575639724731e-01 5.494815413840115070e-04 3.317893715575337410e-04 5.048873135820031166e-04 2.648467780090868473e-04 2.733626752160489559e-04 3.538891614880412817e-04 2.300764026585966349e-04
1.157612279057502747e-01 4.436743329279124737e-04 4.319747386034578085e-04 3.320284304209053516e-04 4.889391129836440086e-04 4.379198653623461723e-04 3.038439608644694090e-04 3.570715198293328285e-04
9.458924084901809692e-02 3.380689013283699751e-04 4.489006823860108852e-04 3.636162145994603634e-04 2.715367299970239401e-04 4.424368671607226133e-04 3.622331132646650076e-04 2.545889583416283131e-04
9.669999778270721436e-02 6.087177898734807968e-04 4.103498649783432484e-04 2.778351481538265944e-04 3.517191798891872168e-04 3.582190838642418385e-04 3.897725546266883612e-04 3.146535891573876143e-04
1.980036944150924683e-01 6.190905114635825157e-04 5.134499515406787395e-04 3.641920338850468397e-04 4.089759604539722204e-04 4.524035030044615269e-04 4.570469027385115623e-04 2.259500324726104736e-04
3.484841063618659973e-02 3.895600384566932917e-04 4.997143987566232681e-04 5.345992976799607277e-04 4.251922946423292160e-04 3.754553035832941532e-04 3.217254707124084234e-04 4.084478132426738739e-04
